40503762
40503772
40503778
40503779
40503782
40503783
40503784
40503785
40503786
40503788
40503790
40503792
40503793
40503794
40503798
40503800
40503801
40503811
40503822
40503840
40503850
40503853
40503877
40503878
40503879
40503882
40503886
40503887
40503888
40503890
40503891
40503893
40503894
40503897
40503906
40503907
40503908
40503928
40503929
40503930
40503931
40503932
40503933
40503934
40503935
40503936
40503939
40503966
40503968
40503969
40503972
40503973
40503974
40503975
40503976
40503977
40503978
40503980
40503981
40503984
40503986
40503987
40503988
40503991
40503992
40503993
40503994
40503996
40503997
40503998
40504000
40504006
40504007
40504009
40504010
40504011
40504012
40504013
40504015
40504018
40504019
40504022
40504023
40504026
40504029
40504030
40504031
40504032
40504033
40504034
40504035
40504038
40504039
40504042
40504043
40504044
40504046
40504047
40504050
40504051
40504052
40507628
40507629
40507630
40507633
40507634
40507655
40507657
40507660
40507661
40507662
40507663
40507664
40507665
40507678
40507679
40507688
40507697
40507700
40507701
40507702
40507703
40507704
40507705
40507706
40507708
40507709
40507711
40507715
40507719
40507721
40507728
40507729
40507730
40507731
40507732
40507733
40507734
40507740
40507742
40507744
40507747
40507748
40507750
40507751
40507754
40507758
40507761
40507762
40507764
40507771
40507773
40507774
40507775
40507777
40507779
40507782
40507789
40507792
40507794
40507800
40507801
40507802
40507803
40507804
40507805
40507806
40507807
40507808
40507809
40507810
40507812
40507821
40507829
40507831
40507832
40507837
40507840
40507842
40507843
40507844
40507849
40507850
40507853
40507857
40507868
40507869
40507870
40507873
40507874
40507876
40507877
40507878
40507880
40507882
40507883
40507884
40507885
40507887
40507898
40507903
40507904
40500001
40500003
40500004
40500006
40500007
40500008
40500010
40500011
40500012
40500014
40500015
40500016
40500018
40500020
40500021
40500022
40500025
40500026
40500027
40500032
40500034
40500035
40500036
40500039
40500040
40500043
40500044
40500045
40500047
40500048
40500050
40500051
40500053
40500056
40500057
40500058
40500059
40500061
40500062
40500063
40500064
40500065
40500066
40500067
40500068
40500069
40500070
40500071
40500072
40500073
40500074
40500075
40500077
40500078
40500079
40500080
40500083
40500084
40500085
40500086
40500087
40500088
40500089
40500090
40500091
40500092
40500099
40500102
40500103
40500104
40500112
40500120
40500125
40500128
40500130
40500144
40500145
40500150
40500151
40500154
40500164
40500169
40500196
40500197
40500223
40500224
40500226
40500229
40500230
40500231
40500232
40500233
40500235
40500236
40500237
40500238
40500239
40500241
40500244
40500247
40500248
40408831
40408832
40408833
40408834
40408858
40408860
40408861
40408866
40408900
40408902
40408933
40408938
40408940
40408978
40409012
40409013
40409038
40409039
40409097
40409135
40409148
40409157
40409182
40409183
40409195
40409196
40409205
40409206
40409229
40409230
40409247
40409263
40409264
40409288
40409289
40409316
40409322
40409323
40409327
40409329
40409331
40409333
40409342
40409343
40409346
40409348
40409350
40409352
40409354
40409366
40409368
40409372
40409387
40409395
40409399
40409400
40409465
40409466
40409473
40409504
40409506
40409519
40409535
40409589
40409618
40409638
40409639
40409640
40409641
40409644
40409653
40409657
40409673
40409688
40409700
40409707
40409710
40409741
40409796
40409805
40409809
40409811
40409812
40409825
40409828
40409833
40409834
40409836
40409839
40409845
40409846
40409847
40409849
40409851
40409855
40409856
40409857
40409858
40409859
40409860
40409861
96940000
96940001
96940002
96940003
96940004
96940005
96940006
96940007
96940008
96940009
96940011
96940012
96940013
96940015
96940018
96940019
96940021
96940023
96940024
96940025
96940026
96940027
96940028
96940029
96940030
96940031
96940033
96940034
96940035
96940036
96940038
96940039
96940040
96940042
96940044
96940045
96940046
96940047
96940048
96940049
96940050
96940051
96940052
96940053
96940054
96940055
96940056
96940057
96940058
96940060
96940065
96940066
96940072
96940073
96940074
96940076
96940078
96940080
96940081
96940082
96940083
96940084
96940086
96940088
96940090
96940091
96940092
96940094
96940095
96940096
96940097
96940098
96940100
96940101
96940103
96940104
96940105
96940106
96940107
96940108
96940109
96940111
96940113
96940119
96940123
96940124
96940129
96940130
96940135
96940138
96940141
96940142
96940146
96940158
96940159
96940163
96940164
96940165
96940166
96940167
96940168
47799489
47793056
40507906
40507908
40507910
40507912
40507918
40507921
40507922
40507923
40507925
40507926
40507927
40507929
40507938
40507943
40507944
40507946
40507947
40507948
40507949
40507952
40507961
40507965
40507968
40507990
40507991
40507995
40507996
40507999
40508000
40508002
40508003
40508005
40508006
40508008
40508010
40508011
40508012
40508013
40508014
40508018
40508020
40508021
40508022
40508023
40508024
40508025
40508028
40508029
40508030
40508031
40508033
40508034
40508035
40508036
40508039
40508040
40508042
40508045
40508046
40508047
40508048
40508049
40508050
40508051
40508053
40508054
40508055
40508056
40508060
40508062
40508063
40508064
40508066
40508067
40508068
40508069
40508070
40508071
40508072
40508073
40508074
40508076
40508078
40508079
40508080
40508081
40508084
40508086
40508088
40508089
40508090
40508091
40508092
40508093
40508095
40508097
40508099
40508100
40508101
40508102
40508103
40409867
40409868
40409870
40409872
40409876
40409879
40409913
40409915
40409995
40504057
40504063
40504064
40504068
40504070
40504071
40504072
40504073
40504074
40504075
40504076
40504077
40504078
40504079
40504080
40504082
40504083
40504086
40504089
40504091
40504094
40504098
40504107
40504115
40504117
40504118
40504119
40504121
40504124
40504126
40504127
40504129
40504142
40504149
40504151
40504153
40504156
40504157
40504158
40504159
40504160
40504168
40504169
40504170
40504172
40504174
40504175
40504176
40504177
40504178
40504179
40504188
40504189
40504190
40504192
40504195
40504199
40504201
40504204
40504205
40504206
40504207
40504208
40504209
40504210
40504211
40504212
40504214
40504215
40504216
40504218
40504219
40504221
40504223
40504230
40504231
40504232
40504233
40504235
40504237
40504238
40504242
40504244
40504246
40504247
40504248
40504249
40504257
40504258
40504259
40504260
40504261
40504268
40504269
40504276
40504277
40504278
40504279
40504280
40504281
40504282
40404945
40404979
40404987
40405032
40405054
40405058
40405065
40405082
40405083
40405088
40405090
40405109
40405124
40405147
40405153
40405167
40405171
40405178
40405183
40405195
40405199
40405205
40405208
40405209
40405213
40405218
40405226
40405228
40405229
40405236
40405251
40405255
40405266
40405267
40405278
40405279
40405283
40405287
40405293
40405298
40405319
40405349
40405355
40405357
40405362
40405365
40405368
40405369
40405370
40405372
40405373
40405395
40405396
40405403
40405406
40405407
40405408
40405409
40405410
40405420
40405422
40405426
40405428
40405432
40405441
40405443
40405444
40405446
40405447
40405448
40405449
40405452
40405460
40405462
40405464
40405477
40405485
40405487
40405494
40405497
40405505
40405523
40405541
40405543
40405544
40405545
40405558
40405568
40405658
40405667
40405730
40405748
40405754
40405824
40405834
40405848
40405853
40405857
40405864
40405877
40405883
40403552
40403673
40403688
40403772
40403807
40403838
40403888
40403889
40403890
40403894
40403934
40403935
40403936
40403938
40403941
40403966
40403993
40403994
40403997
40403998
40403999
40404022
40404023
40404030
40404075
40404081
40404104
40404107
40404121
40404172
40404216
40404220
40404221
40404247
40404299
40404368
40404372
40404377
40404378
40404429
40404441
40404451
40404452
40404453
40404455
40404456
40404548
40404551
40404552
40404553
40404554
40404556
40404557
40404558
40404634
40404726
40404747
40404813
40404876
40404877
40404887
40404888
40404903
40404904
40404906
40500258
40500259
40500260
40500261
40500262
40500263
40500264
40500265
40500266
40500300
40500308
40500310
40500314
40500315
40500320
40500334
40500337
40500345
40500352
40500356
40500369
40500370
40500371
40500372
40500373
40500374
40500377
40500378
40500382
40500383
40500385
40500387
40500388
40500390
40500397
40500399
40500401
40500403
40500404
40500405
40500406
40500408
40500409
40500412
40500414
40500415
40500416
40500417
40500440
40500443
40500444
40500445
40500447
40500448
40500449
40500450
40500451
40500453
40500457
40500458
40500459
40500467
40500480
40500482
40500487
40500488
40500490
40500492
40500494
40500495
40500496
40500497
40500499
40500501
40500502
40500504
40500505
40500506
40500507
40500516
40500518
40500519
40500520
40500528
40500530
40500533
40500536
40500537
40500538
40500539
40500540
40500541
40500542
40500543
40500544
40500545
40500546
40500547
40500548
40500561
40500564
40406924
40406925
40406926
40406927
40406930
40406932
40406936
40406937
40406940
40406950
40406955
40406956
40406961
40406964
40406969
40407120
40407121
40407122
40407123
40407124
40407125
40407126
40407127
40407128
40407129
40407149
40407201
40407204
40407205
40407207
40407208
40407232
40407249
40407283
40407284
40407286
40407287
40407293
40407308
40407309
40407350
40407374
40407384
40407392
40407465
40407466
40407487
40407493
40407495
40407496
40407521
40407535
40407536
40407537
40407571
40407584
40407592
40407598
40407603
40407604
40407606
40407665
40407688
40407689
40407697
40407710
40407728
40407757
40407762
40407767
40407768
40407774
40407775
40407776
40407779
40407784
40407785
40407793
40407837
40407839
40407857
40407861
40407869
40407881
40407882
40407884
40407891
40407940
40407941
40407942
40407943
40407947
40407961
40407967
40407997
40407998
40408146
40408162
40408198
40408211
40408212
40401694
40401723
40401726
40401727
40401734
40401736
40401741
40401757
40401758
40401789
40401794
40401800
40401802
40401804
40401806
40401807
40401808
40401810
40401820
40401895
40401896
40401931
40401936
40401938
40401970
40401971
40401985
40402032
40402071
40402130
40402165
40402166
40402167
40402204
40402216
40402221
40402243
40402246
40402254
40402258
40402272
40402275
40402300
40402306
40402332
40402356
40402412
40402415
40402416
40402471
40402515
40402516
40402519
40402523
40402539
40402601
40402603
40402604
40402608
40402610
40402620
40402621
40402622
40402623
40402624
40402625
40402626
40402627
40402628
40402629
40402677
40402708
40402712
40402713
40402715
40402717
40402789
40402797
40402799
40402825
40402827
40402828
40402829
40402830
40402831
40402835
40402836
40402837
40402857
40402859
40402917
40402955
40402958
40403009
40403020
40403041
40403057
40403060
40403061
40403062
40403063
96944731
96944732
96944733
96944734
96944735
96944736
96944737
96944738
96944739
96944740
96944753
96944850
96944905
96944918
96945012
96945451
96945510
96945901
96946055
96946234
96946490
96946682
96946760
96946911
96947061
96947084
96947731
96947863
96947882
96947892
96947980
96947985
96948011
96948035
96948036
96948085
96948578
96948581
96948584
96948610
96948645
96948794
96948795
96948811
96948812
96948814
96948836
96948854
96948857
96948942
96948974
96949541
96949605
40400004
40400007
40400021
40400022
40400027
40400029
40400036
40400055
40400059
40400061
40400062
40400066
40400078
40400081
40400093
40400146
40400164
40400176
40400177
40400178
40400194
40400237
40400258
40400259
40400263
40400264
40400267
40400318
40400335
40400352
40400450
40400454
40400464
40400467
40400595
40400662
40400710
40400711
40400716
40400717
40400719
40400727
40400802
40400809
40400821
40400823
40400824
40400832
40400852
40400865
40400866
40400867
40400913
40400916
40400921
40400944
40400945
40400947
40400960
40400975
40400976
40400980
40401000
40401004
40401028
40401031
40401111
40401146
40401202
40401212
40401218
40401221
40401227
40401262
40401263
40401266
40401268
40401289
40401304
40401407
40401417
40401446
40401449
40401452
40401455
40401462
40401463
40401465
40401474
40401486
40401524
40401527
40401533
40401539
40401541
40401543
40401548
40401619
40401639
40401642
40401643
40401648
40401649
40401657
40401663
40401688
40508104
40508105
40508106
40508107
40508117
40508135
40508136
40508137
40508139
40508140
40508141
40508142
40508144
40508145
40508146
40508148
40508151
40508152
40508153
40508154
40508160
40508162
40508169
40508177
40508181
40508182
40508185
40508188
40508189
40508191
40508192
40508194
40508196
40508197
40508198
40508199
40508200
40508209
40508211
40508212
40508213
40508214
40508215
40508216
40508219
40508220
40508221
40508222
40508229
40508245
40508246
40508247
40508248
40508249
40508250
40508251
40508252
40508253
40508254
40508255
40508256
40508258
40508259
40508264
40508267
40508268
40508272
40508274
40508275
40508276
40508277
40508282
40508288
40508289
40508290
40508291
40508292
40508297
40508298
40508299
40508300
40508301
40508302
40508303
40508304
40508305
40508306
40508307
40508308
40508311
40508324
40508325
40508326
40508327
40508328
40508329
40508330
40508331
40508332
40508333
40508348
40403064
40403065
40403066
40403067
40403068
40403069
40403070
40403071
40403072
40403073
40403151
40403153
40403154
40403163
40403164
40403216
40403270
40403271
40403273
40403274
40403275
40403276
40403278
40403279
40403281
40403364
40403373
40403401
40403431
40403456
40403457
40504283
40504284
40504286
40504287
40504289
40504290
40504292
40504293
40504294
40504295
40504299
40504301
40504304
40504306
40504307
40504317
40504318
40504320
40504335
40504336
40504337
40504340
40504342
40504343
40504344
40504346
40504347
40504349
40504351
40504357
40504358
40504359
40504366
40504374
40504375
40504376
40504377
40504378
40504385
40504386
40504387
40504388
40504389
40504390
40504391
40504392
40504393
40504394
40504395
40504396
40504397
40504398
40504399
40504400
40504401
40504403
40504404
40504406
40504408
40504411
40504412
40504414
40504415
40504417
40504418
40504419
40504424
40504427
40504428
40504429
40504433
40504435
40504441
40504442
40504444
40504445
40504446
40504447
40504448
40504449
40504450
40504454
40504456
40504457
40504458
40504459
40504460
40504462
40504463
40504465
40504466
40504467
40504468
40504469
40504470
40504471
40504472
40504473
40504474
40504475
40504476
40500565
40500582
40500584
40500585
40500588
40500591
40500592
40500593
40500594
40500595
40500596
40500597
40500598
40500600
40500630
40500631
40500632
40500633
40500641
40500643
40500644
40500645
40500647
40500649
40500650
40500651
40500652
40500653
40500654
40500655
40500656
40500657
40500658
40500662
40500663
40500664
40500665
40500666
40500667
40500668
40500669
40500674
40500676
40500677
40500678
40500679
40500680
40500686
40500692
40500698
40500699
40500700
40500701
40500704
40500705
40500717
40500719
40500724
40500727
40500732
40500734
40500747
40500749
40500755
40500756
40500768
40500771
40500774
40500775
40500778
40500796
40500797
40500799
40500808
40500820
40500821
40500823
40500824
40500825
40500827
40500828
40500831
40500833
40500835
40500836
40500838
40500839
40500841
40500842
40500843
40500846
40500847
40500849
40500850
40500851
40500859
40500860
40500862
40500864
40500865
40500866
96940170
96940172
96940173
96940174
96940176
96940178
96940179
96940180
96940181
96940184
96940185
96940188
96940192
96940194
96940195
96940197
96940199
96940200
96940201
96940202
96940204
96940205
96940206
96940208
96940210
96940212
96940213
96940214
96940215
96940216
96940217
96940218
96940219
96940220
96940221
96940224
96940225
96940226
96940229
96940230
96940231
96940234
96940235
96940237
96940238
96940239
96940240
96940241
96940244
96940245
96940246
96940247
96940249
96940256
96940260
96940261
96940262
96940263
96940269
96940272
96940274
96940277
96940278
96940279
96940281
96940283
96940284
96940285
96940286
96940288
96940289
96940290
96940293
96940294
96940300
96940301
96940302
96940305
96940306
96940308
96940312
96940313
96940314
96940315
96940318
96940319
96940320
96940321
96940322
96940323
96940324
96940325
96940326
96940330
96940332
96940333
96940334
96940336
96940338
96940339
96940341
40408213
40408229
40408230
40408238
40408251
40408252
40408253
40408254
40408255
40408257
40408258
40408259
40408267
40408268
40408276
40408278
40408279
40408289
40408300
40408306
40408307
40408359
40408389
40408391
40408392
40408393
40408396
40408397
40408399
40408405
40408425
40408435
40408453
40408495
40408499
40408510
40408535
40408537
40408554
40408587
40408621
40408622
40408672
40408677
40408680
40408715
40408725
40408729
40408730
40408731
40408732
40408733
40408734
40408735
40408737
40408738
40408739
40408740
40408769
40405885
40405886
40405888
40405894
40405895
40405897
40405953
40405954
40405955
40405977
40405978
40406059
40406066
40406093
40406135
40406147
40406228
40406229
40406286
40406287
40406288
40406290
40406291
40406293
40406294
40406295
40406296
40406297
40406302
40406306
40406307
40406308
40406309
40406310
40406312
40406313
40406314
40406315
40406317
40406319
40406320
40406323
40406324
40406327
40406328
40406329
40406332
40406333
40406338
40406340
40406341
40406345
40406351
40406355
40406401
40406402
40406444
40406470
40406475
40406476
40406477
40406479
40406480
40406484
40406486
40406489
40406490
40406500
40406510
40406530
40406531
40406532
40406533
40406534
40406535
40406536
40406538
40406539
40406540
40406586
40406610
40406616
40406618
40406619
40406621
40406626
40406628
40406636
40406639
40406647
40406654
40406659
40406671
40406676
40406678
40406689
40406690
40406694
40406697
40406758
40406760
40508349
40508351
40508352
40508353
40508354
40508355
40508356
40508357
40508359
40508360
40508361
40508362
40508363
40508365
40508370
40508372
40508378
40508379
40508381
40508391
40508394
40508397
40508399
40508401
40508404
40508405
40508409
40508419
40508420
40508421
40508424
40508425
40508426
40508427
40508428
40508430
40508431
40508432
40508433
40508434
40508435
40508437
40508438
40508439
40508441
40508442
40508443
40508444
40508445
40508446
40508447
40508449
40508450
40508452
40508453
40508454
40508455
40508456
40508461
40508465
40508466
40508469
40508471
40508473
40508476
40508478
40508479
40508480
40508481
40508482
40508483
40508484
40508485
40508486
40508489
40508492
40508495
40508499
40508510
40508511
40508514
40508515
40508516
40508518
40508519
40508520
40508521
40508522
40508523
40508524
40508525
40508526
40508527
40508528
40508530
40508531
40508532
40508533
40508534
40508536
40508537
40406765
40406776
40406779
40406784
40406787
40406791
40406797
40406812
40406820
40406821
40406824
40406828
40406836
40406847
40406848
40406850
40406861
40406882
40406883
40406887
40406897
40406900
40406910
40406914
40406917
40406919
40406920
40406921
40406922
40406923
40500867
40500868
40500870
40500873
40500875
40500876
40500877
40500879
40500880
40500881
40500882
40500883
40500885
40500886
40500887
40500888
40500889
40500890
40500891
40500892
40500897
40500899
40500903
40500904
40500905
40500906
40500907
40500908
40500911
40500916
40500917
40500918
40500925
40500926
40500928
40500932
40500933
40500939
40500940
40500947
40500948
40500950
40500951
40500954
40500956
40500958
40500959
40500960
40500961
40500963
40500964
40500965
40500966
40500967
40500968
40500969
40500970
40500974
40500975
40500979
40500984
40500990
40500992
40500993
40500994
40500997
40500998
40501000
40501001
40501005
40501008
40501009
40501011
40501012
40501013
40501018
40501020
40501021
40501026
40501028
40501029
40501030
40501032
40501040
40501045
40501047
40501050
40501070
40501076
40501077
40501078
40501079
40501082
40501085
40501090
40501092
40501093
40501094
40501095
40501096
40501097
40504477
40504478
40504479
40504480
40504481
40504482
40504483
40504484
40504485
40504487
40504488
40504489
40504490
40504491
40504493
40504499
40504515
40504517
40504518
40504519
40504536
40504537
40504538
40504539
40504540
40504541
40504542
40504543
40504544
40504545
40504548
40504550
40504552
40504553
40504554
40504555
40504556
40504557
40504558
40504559
40504560
40504561
40504562
40504563
40504564
40504565
40504566
40504567
40504570
40504571
40504580
40504581
40504584
40504587
40504589
40504750
40504751
40504752
40504754
40504755
40504756
40504757
40504760
40504761
40504762
40504763
40504764
40504768
40504771
40504774
40504775
40504780
40504784
40504786
40504787
40504791
40504793
40504794
40504795
40504796
40504804
40504813
40504820
40504828
40504830
40504842
40504844
40504845
40504859
40504862
40504863
40504866
40504867
40504874
40504876
40504877
40504878
40504885
40504888
40504889
40504901
40508538
40508540
40508541
40508542
40508543
40508545
40508548
40508550
40508551
40508552
40508553
40508554
40508555
40508556
40508557
40508558
40508559
40508560
40508561
40508562
40508563
40508565
40508568
40508569
40508575
40508577
40508579
40508589
40508592
40508593
40508594
40508595
40508600
40508603
40508606
40508613
40508614
40508617
40508618
40508620
40508621
40508622
40508633
40508634
40508637
40508638
40508639
40508640
40508652
40508654
40508655
40508656
40508658
40508659
40508660
40508661
40508662
40508663
40508664
40508667
40508672
40508673
40508674
40508677
40508681
40508685
40508686
40508697
40508699
40508703
40508705
40508724
40508725
40508730
40508731
40508732
40508733
40508734
40508735
40508738
40508739
40508740
40508748
40508749
40508751
40508752
40508753
40508764
40508765
40508767
40508770
40508771
40508772
40508773
40508774
40508777
40508788
40508790
40508792
40508794
40508797
96940344
96940346
96940347
96940348
96940350
96940351
96940355
96940358
96940359
96940360
96940361
96940362
96940363
96940365
96940368
96940369
96940371
96940372
96940373
96940374
96940376
96940377
96940378
96940382
96940383
96940384
96940385
96940386
96940387
96940388
96940390
96940391
96940392
96940395
96940396
96940397
96940400
96940401
96940402
96940403
96940408
96940409
96940410
96940411
96940412
96940414
96940415
96940416
96940417
96940418
96940420
96940421
96940423
96940426
96940428
96940430
96940431
96940438
96940442
96940443
96940444
96940445
96940447
96940448
96940449
96940450
96940451
96940452
96940453
96940454
96940455
96940456
96940457
96940458
96940460
96940463
96940465
96940467
96940471
96940472
96940474
96940478
96940481
96940482
96940483
96940486
96940490
96940491
96940493
96940498
96940500
96940503
96940508
96940510
96940512
96940513
96940515
96940518
96940519
96940521
96940524
40501098
40501101
40501103
40501104
40501106
40501111
40501113
40501114
40501116
40501119
40501126
40501135
40501136
40501137
40501140
40501141
40501142
40501143
40501144
40501146
40501147
40501155
40501157
40501158
40501159
40501162
40501163
40501164
40501167
40501170
40501171
40501172
40501173
40501174
40501175
40501190
40501191
40501198
40501201
40501202
40501207
40501208
40501212
40501215
40501216
40501217
40501218
40501220
40501221
40501222
40501245
40501246
40501250
40501251
40501252
40501257
40501258
40501260
40501261
40501264
40501265
40501266
40501269
40501270
40501271
40501272
40501273
40501274
40501275
40501276
40501277
40501278
40501279
40501280
40501285
40501288
40501289
40501290
40501292
40501293
40501297
40501298
40501299
40501300
40501301
40501302
40501303
40501304
40501305
40501306
40501307
40501309
40501313
40501317
40501318
40501320
40501334
40501340
40501344
40501345
40501346
40504903
40504904
40504906
40504908
40504910
40504911
40504913
40504918
40504920
40504921
40504922
40504923
40504924
40504925
40504926
40504927
40504928
40504929
40504930
40504931
40504932
40504933
40504934
40504935
40504936
40504937
40504940
40504941
40504943
40504944
40504951
40504955
40504957
40504958
40504959
40504961
40504962
40504964
40504970
40504971
40504972
40504973
40504976
40504977
40504979
40504980
40504983
40504984
40504987
40504988
40504989
40504999
40505002
40505004
40505006
40505012
40505013
40505025
40505028
40505029
40505033
40505034
40505048
40505049
40505050
40505051
40505057
40505061
40505062
40505063
40505064
40505065
40505066
40505067
40505068
40505069
40505070
40505075
40505076
40505077
40505079
40505080
40505084
40505088
40505090
40505098
40505103
40505108
40505109
40505110
40505112
40505114
40505116
40505122
40505123
40505124
40505130
40505131
40505132
40505146
40505151
40508798
40508805
40508806
40508808
40508810
40508812
40508814
40508815
40508816
40508817
40508818
40508819
40508820
40508824
40508826
40508829
40508833
40508840
40508841
40508843
40508844
40508846
40508847
40508850
40508857
40508858
40508859
40508860
40508861
40508863
40508864
40508865
40508866
40508871
40508872
40508874
40508875
40508878
40508879
40508880
40508881
40508882
40508884
40508885
40508886
40508888
40508889
40508893
40508896
40508897
40508901
40508902
40508911
40508915
40508918
40508920
40508925
40508928
40508929
40508930
40508933
40508934
40508935
40508936
40508937
40508938
40508939
40508940
40508941
40508942
40508943
40508944
40508948
40508949
40508951
40508952
40508953
40508954
40508955
40508956
40508959
40508976
40508979
40508980
40508984
40508985
40508987
40508988
40508989
40508990
40508994
40508995
40508999
40509133
40509501
40509503
40509506
40509508
40509520
40509521
40509531
40501347
40501353
40501355
40501356
40501362
40501369
40501371
40501372
40501377
40501378
40501379
40501380
40501381
40501382
40501383
40501384
40501385
40501388
40501390
40501391
40501392
40501393
40501394
40501395
40501398
40501400
40501404
40501405
40501406
40501408
40501411
40501413
40501417
40501424
40501428
40501429
40501431
40501432
40501433
40501439
40501440
40501441
40501444
40501445
40501446
40501450
40501454
40501459
40501460
40501461
40501464
40501465
40501466
40501467
40501468
40501469
40501470
40501471
40501472
40501473
40501475
40501476
40501479
40501481
40501482
40501484
40501485
40501486
40501488
40501492
40501493
40501500
40501501
40501502
40501503
40501504
40501505
40501506
40501507
40501508
40501509
40501515
40501518
40501520
40501521
40501523
40501524
40501526
40501528
40501529
40501531
40501532
40501533
40501535
40501538
40501539
40501540
40501541
40501543
40501545
40501560
40505152
40505153
40505161
40505167
40505170
40505171
40505172
40505175
40505176
40505178
40505180
40505181
40505183
40505184
40505188
40505189
40505195
40505196
40505197
40505198
40505200
40505201
40505202
40505209
40505210
40505211
40505212
40505213
40505215
40505217
40505218
40505219
40505220
40505221
40505224
40505228
40505229
40505230
40505231
40505232
40505233
40505235
40505238
40505239
40505242
40505245
40505250
40505251
40505252
40505253
40505254
40505255
40505260
40505262
40505264
40505270
40505272
40505274
40505275
40505276
40505278
40505280
40505282
40505283
40505284
40505287
40505289
40505293
40505294
40505296
40505298
40505299
40505319
40505320
40505321
40505323
40505324
40505326
40505328
40505329
40505334
40505339
40505340
40505341
40505342
40505343
40505346
40505348
40505349
40505350
40505351
40505352
40505353
40505354
40505355
40505357
40505366
40505372
40505373
40505374
40505376
40509532
40509534
40509538
40509539
40509558
40509561
40509562
40509563
40509567
40509568
40509570
40509571
40509572
40509573
40509580
40509582
40509583
40509586
40509588
40509594
40509595
40509596
40509597
40509601
40509602
40509605
40509609
40509610
40509612
40509613
40509618
40509619
40509626
40509631
40509632
40509635
40509637
40509638
40509640
40509642
40509643
40509644
40509645
40509651
40509653
40509654
40509655
40509657
40509660
40509663
40509665
40509667
40509672
40509674
40509675
40509677
40509684
40509685
40509686
40509687
40509688
40509689
40509690
40509691
40509692
40509693
40509694
40509695
40509696
40509697
40509698
40509699
40509700
40509701
40509702
40509703
40509704
40509705
40509706
40509708
40509709
40509710
40509711
40509712
40509714
40509715
40509716
40509717
40509718
40509719
40509722
40509724
40509725
40509726
40509727
40509728
40509730
40509731
40509734
40509735
40509736
40501561
40501562
40501563
40501568
40501569
40501570
40501572
40501574
40501577
40501581
40501582
40501583
40501585
40501588
40501595
40501596
40501597
40501598
40501599
40501613
40501614
40501618
40501621
40501626
40501627
40501628
40501633
40501639
40501641
40501642
40501643
40501644
40501647
40501648
40501651
40501656
40501659
40501660
40501663
40501666
40501667
40501668
40501669
40501670
40501671
40501674
40501680
40501682
40501683
40501684
40501685
40501688
40501692
40501694
40501695
40501696
40501701
40501703
40501704
40501706
40501707
40501708
40501709
40501710
40501712
40501715
40501717
40501718
40501719
40501720
40501721
40501723
40501726
40501727
40501730
40501731
40501732
40501733
40501735
40501736
40501738
40501745
40501748
40501753
40501755
40501756
40501757
40501759
40501762
40501764
40501768
40501769
40501770
40501772
40501776
40501777
40501778
40501780
40501783
40501784
40501785
40505377
40505378
40505382
40505384
40505385
40505386
40505387
40505391
40505392
40505396
40505397
40505400
40505401
40505402
40505403
40505406
40505407
40505408
40505410
40505411
40505414
40505415
40505416
40505417
40505418
40505419
40505424
40505425
40505426
40505427
40505428
40505431
40505433
40505436
40505437
40505439
40505440
40505441
40505442
40505443
40505445
40505449
40505451
40505454
40505455
40505457
40505458
40505462
40505465
40505467
40505470
40505471
40505472
40505478
40505479
40505481
40505482
40505485
40505487
40505488
40505490
40505491
40505492
40505496
40505499
40505501
40505502
40505504
40505505
40505506
40505507
40505509
40505510
40505511
40505512
40505513
40505514
40505515
40505516
40505517
40505518
40505519
40505520
40505522
40505528
40505534
40505538
40505540
40505541
40505542
40505544
40505547
40505560
40505561
40505562
40505567
40505570
40505573
40505574
40505577
40505578
40509737
40509738
40509739
40509748
40509750
40509751
40509753
40509754
40509755
40509756
40509758
40509760
40509761
40509762
40509763
40509764
40509767
40509768
40509770
40509771
40509772
40509775
40509776
40509777
40509778
40509779
40509781
40509784
40509787
40509788
40509790
40509791
40509793
40509794
40509795
40509797
40509799
40509804
40509808
40509810
40509811
40509812
40509817
40509819
40509820
40509821
40509822
40509828
40509829
40509830
40509831
40509832
40509833
40509834
40509838
40509839
40509840
40509845
40509846
40509848
40509850
40509852
40509854
40509855
40509857
40509858
40509859
40509860
40509861
40509862
40509863
40509865
40509866
40509867
40509869
40509870
40509875
40509877
40509879
40509880
40509884
40509885
40509887
40509889
40509891
40509892
40509895
40509896
40509897
40509898
40509899
40509901
40509903
40509904
40509905
40509907
40509909
40509910
40509913
40509914
40509915
40501794
40501800
40501801
40501804
40501805
40501806
40501807
40501808
40501809
40501810
40501811
40501812
40501813
40501814
40501818
40501819
40501820
40501821
40501823
40501860
40501861
40501862
40501863
40501872
40501874
40501880
40501885
40501887
40501888
40501889
40501892
40501893
40501895
40501898
40501902
40501903
40501904
40501908
40501911
40501912
40501913
40501916
40501922
40501926
40501927
40501936
40501938
40501945
40501947
40501949
40501950
40501952
40501953
40501954
40501957
40501958
40501959
40501960
40501964
40501965
40501970
40501971
40501977
40501980
40501981
40501987
40501988
40501990
40501991
40501993
40501994
40501998
40502000
40502002
40502003
40502004
40502005
40502006
40502008
40502010
40502012
40502016
40502017
40502021
40502022
40502023
40502024
40502025
40502026
40502027
40502030
40502031
40502032
40502033
40502034
40502035
40502036
40502037
40502038
40502039
40502040
40505583
40505585
40505586
40505587
40505591
40505595
40505596
40505598
40505631
40505632
40505633
40505635
40505636
40505637
40505639
40505652
40505656
40505667
40505668
40505676
40505677
40505680
40505681
40505683
40505684
40505685
40505687
40505695
40505696
40505697
40505699
40505700
40505701
40505702
40505703
40505704
40505705
40505709
40505710
40505711
40505713
40505715
40505719
40505720
40505721
40505724
40505730
40505733
40505736
40505737
40505739
40505741
40505744
40505748
40505752
40505753
40505762
40505777
40505783
40505786
40505787
40505792
40505795
40505796
40505798
40505799
40505801
40505802
40505804
40505805
40505808
40505809
40505813
40505814
40505815
40505816
40505818
40505819
40505822
40505826
40505827
40505829
40505830
40505831
40505832
40505835
40505836
40505837
40505838
40505839
40505840
40505841
40505843
40505848
40505850
40505856
40505857
40505858
40505859
40505861
40505863
40509919
40509920
40509922
40509923
40509924
40509925
40509927
40509933
40509936
40509938
40509939
40509941
40509943
40509944
40509945
40509946
40509947
40509951
40509959
40509961
40509962
40509966
40509967
40509970
40509971
40509972
40509973
40509974
40509975
40509976
40509978
40509979
40509984
40509985
40509986
40509987
40509988
40509989
40509990
40509991
40509992
40509994
40509995
40509996
40502041
40502044
40502049
40502050
40502052
40502056
40502057
40502061
40502070
40502071
40502083
40502085
40502087
40502088
40502089
40502094
40502096
40502098
40502099
40502106
40502107
40502117
40502118
40502119
40502120
40502130
40502134
40502135
40502136
40502137
40502143
40502144
40502148
40502149
40502150
40502154
40502155
40502164
40502167
40502169
40502177
40502178
40502180
40502182
40502183
40502184
40502185
40502190
40502191
40502193
40502194
40502195
40502196
40502197
40502198
40502199
40502200
40502201
40502202
40502203
40502204
40502206
40502207
40502209
40502210
40502211
40502213
40502214
40502215
40502216
40502219
40502220
40502221
40502222
40502223
40502225
40502230
40502232
40502233
40502237
40502243
40502244
40502245
40502246
40502247
40502252
40502253
40502254
40502255
40502258
40502260
40502261
40502264
40502266
40502267
40502272
40502279
40502281
40502282
40502283
40502285
96940525
96940528
96940532
96940533
96940537
96940538
96940539
96940542
96940543
96940545
96940546
96940549
96940552
96940556
96940557
96940559
96940562
96940563
96940564
96940565
96940566
96940569
96940571
96940576
96940577
96940579
96940580
96940586
96940587
96940589
96940590
96940591
96940592
96940593
96940594
96940598
96940600
96940602
96940606
96940607
96940609
96940610
96940613
96940614
96940616
96940617
96940620
96940622
96940627
96940628
96940635
96940637
96940638
96940639
96940642
96940643
96940644
96940646
96940647
96940648
96940650
96940653
96940864
96940889
96940954
96940976
96941030
96941031
96941032
96941039
96941051
96941125
96941171
96941252
96941254
96941298
96941310
96941316
96941384
96941386
96941387
96941391
96941413
96941416
96941417
96941418
96941419
96941424
96941427
96941428
96941430
96941435
96941436
96941437
96941438
96942350
96943110
96943394
96943672
96943697
96943722
40505865
40505868
40505870
40505872
40505874
40505876
40505883
40505888
40505891
40505892
40505894
40505895
40505897
40505898
40505899
40505909
40505928
40505929
40505930
40505934
40505935
40505936
40505938
40505939
40505941
40505948
40505949
40505953
40505957
40505965
40505967
40505969
40505970
40505971
40505975
40505977
40505978
40505979
40505980
40505981
40505982
40505983
40505986
40505988
40505991
40505992
40505993
40505995
40505996
40505997
40506000
40506002
40506003
40506004
40506005
40506006
40506007
40506008
40506009
40506010
40506011
40506012
40506013
40506014
40506015
40506016
40506017
40506018
40506019
40506020
40506021
40506022
40506023
40506024
40506025
40506027
40506028
40506029
40506030
40506031
40506032
40506033
40506034
40506035
40506036
40506037
40506038
40506039
40506040
40506042
40506043
40506044
40506045
40506046
40506047
40506049
40506050
40506051
40506052
40506053
40506054
96943897
96944007
96944054
96944156
96944360
96944374
96944379
96944535
96944540
40502287
40502289
40502296
40502298
40502299
40502301
40502303
40502304
40502306
40502307
40502309
40502310
40502311
40502312
40502318
40502319
40502322
40502323
40502324
40502327
40502329
40502332
40502334
40502335
40502337
40502338
40502339
40502340
40502342
40502343
40502344
40502345
40502346
40502347
40502351
40502352
40502355
40502357
40502359
40502362
40502364
40502369
40502370
40502371
40502373
40502393
40502395
40502396
40502398
40502399
40502401
40502403
40502404
40502405
40502406
40502407
40502408
40502411
40502412
40502413
40502415
40502416
40502417
40502421
40502431
40502433
40502437
40502438
40502439
40502440
40502442
40502443
40502445
40502448
40502450
40502453
40502454
40502459
40502460
40502462
40502463
40502466
40502468
40502470
40502471
40502477
40502487
40502490
40502491
40502500
40502501
40502502
40502507
40502510
40502513
40502515
40502517
40502518
40502524
40502526
40502533
40506055
40506060
40506061
40506062
40506063
40506064
40506065
40506066
40506067
40506068
40506069
40506071
40506072
40506073
40506074
40506075
40506076
40506077
40506078
40506079
40506080
40506081
40506082
40506084
40506085
40506088
40506089
40506091
40506092
40506093
40506094
40506095
40506097
40506105
40506111
40506115
40506119
40506120
40506125
40506128
40506130
40506131
40506132
40506133
40506134
40506135
40506144
40506145
40506146
40506147
40506180
40506181
40506183
40506184
40506185
40506186
40506187
40506189
40506191
40506193
40506194
40506196
40506199
40506206
40506209
40506210
40506211
40506212
40506213
40506214
40506215
40506216
40506217
40506218
40506219
40506220
40506221
40506222
40506223
40506224
40506227
40506228
40506231
40506232
40506233
40506234
40506235
40506236
40506237
40506238
40506239
40506240
40506242
40506244
40506249
40506254
40506268
40506272
40506290
40506291
40506293
40502536
40502539
40502548
40502550
40502565
40502570
40502571
40502572
40502573
40502575
40502576
40502577
40502580
40502581
40502582
40502583
40502584
40502586
40502587
40502588
40502589
40502590
40502594
40502597
40502600
40502601
40502602
40502603
40502604
40502605
40502606
40502607
40502608
40502611
40502614
40502616
40502618
40502622
40502624
40502625
40502626
40502641
40502642
40502643
40502645
40502647
40502648
40502654
40502655
40502656
40502657
40502658
40502659
40502660
40502661
40502662
40502663
40502664
40502669
40502677
40502681
40502708
40502709
40502710
40502713
40502722
40502726
40502727
40502728
40502733
40502741
40502746
40502748
40502756
40502757
40502762
40502763
40502765
40502766
40502767
40502773
40502775
40502776
40502777
40502780
40502781
40502782
40502783
40502787
40502792
40502793
40502795
40502797
40502798
40502799
40502806
40502808
40502810
40502811
40502816
40502817
40506297
40506298
40506299
40506300
40506301
40506302
40506303
40506304
40506305
40506308
40506313
40506314
40506315
40506316
40506317
40506318
40506321
40506322
40506324
40506325
40506326
40506327
40506328
40506334
40506337
40506338
40506339
40506341
40506342
40506344
40506345
40506346
40506347
40506349
40506350
40506352
40506353
40506356
40506357
40506359
40506360
40506361
40506365
40506366
40506367
40506368
40506369
40506379
40506381
40506382
40506383
40506384
40506385
40506386
40506401
40506402
40506404
40506409
40506410
40506411
40506415
40506418
40506423
40506424
40506443
40506444
40506447
40506448
40506449
40506456
40506458
40506459
40506467
40506468
40506471
40506474
40506475
40506476
40506477
40506480
40506481
40506483
40506484
40506485
40506489
40506490
40506491
40506492
40506493
40506496
40506498
40506500
40506503
40506505
40506506
40506510
40506512
40506516
40506517
40506518
40506523
40502819
40502842
40502854
40502855
40502858
40502859
40502874
40502877
40502880
40502883
40502894
40502896
40502897
40502903
40502921
40502922
40502924
40502940
40502941
40502943
40502944
40502949
40502950
40502952
40502954
40502955
40502956
40502958
40502960
40502961
40502962
40502963
40502964
40502966
40502969
40502973
40502974
40502976
40502991
40502996
40503000
40503001
40503003
40503004
40503005
40503006
40503007
40503008
40503009
40503010
40503011
40503012
40503013
40503014
40503015
40503016
40503017
40503018
40503019
40503020
40503022
40503023
40503024
40503027
40503030
40503031
40503032
40503033
40503036
40503037
40503040
40503041
40503042
40503044
40503046
40503060
40503061
40503063
40503064
40503065
40503066
40503067
40503068
40503069
40503070
40503071
40503072
40503077
40503092
40503094
40503099
40503107
40503108
40503112
40503113
40503114
40503115
40503118
40503122
40503123
40503127
40506527
40506528
40506529
40506531
40506533
40506534
40506537
40506538
40506543
40506545
40506547
40506549
40506550
40506551
40506552
40506554
40506555
40506556
40506557
40506558
40506563
40506565
40506566
40506567
40506570
40506571
40506577
40506578
40506579
40506581
40506582
40506583
40506584
40506586
40506587
40506589
40506590
40506600
40506602
40506603
40506605
40506606
40506608
40506610
40506611
40506612
40506613
40506614
40506615
40506618
40506619
40506621
40506622
40506624
40506625
40506626
40506627
40506628
40506631
40506633
40506634
40506635
40506640
40506641
40506645
40506646
40506650
40506652
40506653
40506654
40506655
40506657
40506659
40506661
40506663
40506664
40506666
40506668
40506669
40506670
40506671
40506673
40506674
40506676
40506677
40506678
40506684
40506691
40506694
40506698
40506747
40506749
40506756
40506759
40506760
40506761
40506762
40506763
40506765
40506767
40506771
40503134
40503148
40503149
40503153
40503154
40503158
40503161
40503162
40503164
40503165
40503166
40503167
40503168
40503182
40503184
40503185
40503186
40503197
40503200
40503201
40503203
40503205
40503212
40503213
40503215
40503216
40503218
40503220
40503223
40503247
40503251
40503252
40503254
40503258
40503259
40503264
40503266
40503270
40503271
40503272
40503273
40503274
40503275
40503276
40503277
40503278
40503279
40503280
40503281
40503284
40503288
40503289
40503290
40503291
40503292
40503293
40503300
40503301
40503302
40503303
40503308
40503309
40503315
40503317
40503318
40503319
40503335
40503340
40503345
40503346
40503356
40503367
40503375
40503376
40503382
40503386
40503389
40503390
40503391
40503400
40503401
40503407
40503410
40503415
40503426
40503428
40503429
40503434
40503442
40503444
40503454
40503457
40503458
40503467
40503470
40503477
40503478
40503479
40503480
40503482
40503484
40506772
40506774
40506777
40506778
40506779
40506782
40506783
40506784
40506786
40506787
40506789
40506790
40506793
40506794
40506796
40506797
40506807
40506808
40506809
40506811
40506813
40506817
40506818
40506819
40506821
40506824
40506827
40506828
40506829
40506830
40506831
40506835
40506836
40506840
40506844
40506845
40506847
40506848
40506849
40506850
40506851
40506854
40506860
40506861
40506862
40506864
40506871
40506873
40506875
40506877
40506878
40506880
40506881
40506882
40506883
40506884
40506885
40506886
40506887
40506888
40506893
40506894
40506895
40506896
40506897
40506898
40506900
40506904
40506905
40506907
40506908
40506910
40506911
40506912
40506917
40506918
40506919
40506920
40506921
40506922
40506923
40506924
40506925
40506927
40506929
40506930
40506931
40506932
40506933
40506935
40506936
40506937
40506943
40506944
40506946
40506947
40506950
40506951
40506952
40506955
40506956
40503485
40503486
40503487
40503488
40503489
40503490
40503491
40503492
40503493
40503494
40503495
40503496
40503497
40503498
40503499
40503510
40503511
40503512
40503513
40503515
40503516
40503519
40503521
40503522
40503523
40503525
40503526
40503528
40503529
40503531
40503534
40503535
40503536
40503537
40503538
40503548
40503549
40503552
40503559
40503570
40503573
40503574
40503584
40503587
40503589
40503592
40503595
40503596
40503598
40503599
40503600
40503601
40503602
40503603
40503604
40503605
40503606
40503607
40503608
40503609
40503610
40503611
40503612
40503613
40503614
40503615
40503616
40503617
40503619
40503620
40503621
40503622
40503623
40503624
40503625
40503626
40503629
40503631
40503635
40503636
40503638
40503640
40503641
40503643
40503644
40503645
40503646
40503647
40503648
40503650
40503651
40503653
40503654
40503656
40503657
40503658
40503663
40503664
40503665
40503667
40503668
40503669
40503671
40503673
40503674
40503675
40503676
40503677
40503678
40503679
40503680
40503681
40503682
40503683
40503684
40503685
40503688
40503689
40503692
40503694
40503695
40503697
40503698
40503703
40503704
40503705
40503706
40503707
40503720
40503722
40503724
40503725
40503727
40503728
40503733
40503738
40503740
40503741
40503742
40506957
40506959
40506961
40506964
40506967
40506969
40506970
40506973
40506974
40506975
40506976
40506977
40506979
40506983
40506984
40506985
40506986
40506989
40506991
40506992
40506994
40506998
40507027
40507029
40507031
40507034
40507036
40507038
40507040
40507047
40507048
40507052
40507057
40507058
40507065
40507073
40507077
40507078
40507081
40507084
40507086
40507087
40507088
40507090
40507092
40507093
40507099
40507110
40507112
40507116
40507117
40507118
40507119
40507120
40507124
40507125
40507126
40507128
40507129
40507136
40507140
40507141
40507142
40507143
40507144
40507145
40507147
40507148
40507149
40507151
40507152
40507153
40507154
40507156
40507157
40507162
40507177
40507178
40507179
40507181
40507182
40507183
40507184
40507185
40507187
40507190
40507192
40507202
40507204
40507205
40507211
40507213
40507214
40507218
40507221
40507235
40507236
40507237
40507241
40507243
40507244
40507245
40507249
40507250
40507251
40507252
40507253
40507254
40507257
40507258
40507259
40507262
40507268
40507269
40507276
40507278
40507279
40507280
40507283
40507284
40507287
40507290
40507291
40507296
40507297
40507308
40507309
40507310
40507311
40507312
40507313
40507314
40507315
40507317
40507318
40507329
40507333
40507337
40507349
40507350
40507352
40507353
40507354
40507355
40507356
40507357
40507360
40507361
40507362
40507365
40507367
40507369
40507370
40507374
40507377
40507378
40507383
40507384
40507390
40507391
40507392
40507393
40507394
40507395
40507396
40507397
40507398
40507399
40507433
40507448
40507452
40507453
40507454
40507455
40507456
40507457
40507458
40507464
40507467
40507470
40507473
40507490
40507493
40507494
40507498
40507502
40507504
40507505
40507506
40507511
40507512
40507513
40507515
40507516
40507531
40507538
40507539
40507540
40507541
40507542
40507543
40507544
40507545
40507546
40507547
40507550
40507552
40507553
40507555
40507556
40507557
40507558
40507559
40507560
40507561
40507562
40507563
40507564
40507565
40507566
40507567
40507568
40507569
40507570
40507571
40507573
40507575
40507576
40507578
40507584
40507588
40507589
40507596
40507600
40507602
40507604
40507605
40507606
40507607
40507608
40507609
40507610
40507611
40507612
40507614
40507615
40507616
40507619
40507620
40507621
40507622
40507623
40507624
40507625
40507626
40507627