08947080037100394161
08947080037100394344
08947080037100394559
08947080037100394989
08947080037100395002
08947080037100394807
08947080037100394864
08947080037100436335
08947080037100436699
08947080037100436749
08947080037100436798
08947080037100437002
08947080037100394112
08947080037100394120
08947080037100394138
08947080037100394146
08947080037100394153
08947080037100436830
08947080037100437101
08947080037100436814
08947080037100436848
08947080037100436822
08947080037100394187
08947080037100394195
08947080037100394203
08947080037100394211
08947080037101831377
08947080037100394229
08947080037100394237
08947080037100438992
08947080037100394245
08947080037100394252
08947080037100394260
08947080037101831351
08947080037100394278
08947080037100394286
08947080037100394294
08947080037100394302
08947080037100394310
08947080037100394328
08947080037100394336
08947080037100394351
08947080037100394369
08947080037100394377
08947080037101831872
08947080037100394385
08947080037100394393
08947080037100394401
08947080037100394419
08947080037100394427
08947080037100394435
08947080037100394443
08947080037100394468
08947080037100394450
08947080037100394476
08947080037100394484
08947080037100394492
08947080037100394500
08947080037101831369
08947080037100394518
08947080037100394526
08947080037100394534
08947080037100394542
08947080037100394567
08947080037100394575
08947080037100394583
08947080037100394591
08947080037100394609
08947080037101831831
08947080037100394898
08947080037100394906
08947080037100394914
08947080037100394922
08947080037100394930
08947080037100394948
08947080037100394955
08947080037100394963
08947080037100394971
08947080037100394997
08947080037100395010
08947080037100395028
08947080037100395036
08947080037100395044
08947080037100395051
08947080037100395069
08947080037100395077
08947080037100395085
08947080037100395093
08947080037100394617
08947080037100394625
08947080037100394633
08947080037100394658
08947080037100394641
08947080037100394666
08947080037100394674
08947080037100394682
08947080037100394690
08947080037100394708
08947080037100394716
08947080037100394724
08947080037100394732
08947080037100394757
08947080037100438984
08947080037100394765
08947080037100394773
08947080037100394781
08947080037100394799
08947080037100394815
08947080037100394823
08947080037100394831
08947080037100394849
08947080037100394856
08947080037100394872
08947080037100394880
08947080037100436111
08947080037100436129
08947080037100436137
08947080037100436145
08947080037100436152
08947080037100436160
08947080037100436178
08947080037100436186
08947080037100436194
08947080037100436202
08947080037100436293
08947080037100436301
08947080037100436319
08947080037100436327
08947080037100436343
08947080037100436350
08947080037100436368
08947080037100436376
08947080037100436384
08947080037100436624
08947080037100436616
08947080037100436632
08947080037100436640
08947080037100436657
08947080037101831880
08947080037100436665
08947080037100436673
08947080037100436681
08947080037100436707
08947080037100436715
08947080037100436723
08947080037100436731
08947080037100436756
08947080037100436764
08947080037100436772
08947080037100436780
08947080037100436806
08947080037101831849
08947080037100437010
08947080037100394179
08947080037100437036
08947080037100437044
08947080037100437051
08947080037100437069
08947080037100437077
08947080037101831898
08947080037100437085
08947080037100437093
08947080037100438950
08947080037100438968
08947080037100439008
08947080038002564885
08947080038002564893
08947080038002564919
08947080038002564927
08947080038002564935
08947080038002564943
08947080038002564950
08947080038002564901