4740202726
4740203446
4740204026
4740204179
4740205099
4740205494
4740205663
4740206037
4740206324
4740207258
4740207616
4740207672
4740207967
4740208505
4740208634
4740208668
4740208958
4740209027
4740209066
4740210402
4740213419
4740214287
4740214330
4740214803
4740214946
4740216588
4740225220
4740227970
4740228375
4740229493
4740229680
4740230325
4740230803
4740234309
4740234523
4740235658
4740239565
4740240293
4740240373
4740241954
4740242769
4740242973
4740243581
4740244374
4740245592
4740245995
4740246869
4740248424
4740282301
4740284551
4740285424
4740285933
4740286096
4740286566
4740286862
4740286873
4740286922
4740288459
4740288772
4740290129
4740290684
4740291302
4740292847
4740293387
4740293391
4740293509
4740293680
4740293716
4740293900
4740294926
4740295643
4740295969
4740296279
4740296721
4740296802
4740297422
4740297650
4740298206
4740299055
4740299413
4740300919
4740300920
4740300984
4740301008
4740301361
4740301528
4740301736
4740302023
4740302156
4740302267
4740302502
4740302510
4740302714
4740302919
4740303556
4740304192
4740304324
4740304596
4740304679
4740305030
4740305177
4740305735
4740305759
4740306166
4740306263
4740306347
4740306553
4740306595
4740306899
4740306913
4740307193
4740307614
4740308272
4740308614
4740308995
4740309582
4740309586
4740310027
4740310187
4740310755
4740311611
4740311704
4740311891
4740312949
4740313371
4740314259
4740314321
4740314452
4740314679
4740315071
4740315489
4740315635
4740315749
4740316425
4740316468
4740316490
4740317434
4740317478
4740317939
4740318229
4740318626
4740319460
4740319776
4740320084
4740320399
4740321072
4740321349
4740321396
4740321825
4740321874
4740322179
4740322305
4740322485
4740322630
4740323024
4740323369
4740323455
4740324547
4740324628
4740325145
4740326732
4740327897
4740327949
4740328712
4740328965
4740329083
4740329335
4740329640
4740330424
4740330453
4740330774
4740331455
4740331825
4740331841
4740332330
4740332350
4740332845
4740332864
4740333054
4740333477
4740334204
4740334909
4740335309
4740335637
4740336347
4740336696
4740336699
4740337121
4740337270
4740337538
4740337615
4740337730
4740337899
4740338842
4740339163
4740339405
4740339513
4740339921
4740341560
4740342369
4740342449
4740342517
4740343182
4740343753
4740343796
4740343797
4740344564
4740344619
4740344682
4740344777
4740345200
4740346210
4740346742
4740346762
4740347335
4740347462
4740347650
4740347774
4740348070
4740348171
4740348605
4740348685
4740348699
4740348861
4740349334
4740380360
4740381290
4740381538
4740381667
4740381766
4740382304
4740382382
4740382428
4740382640
4740382852
4740383788
4740383825
4740383861
4740383883
4740384331
4740384392
4740384643
4740384667
4740384736
4740384838
4740385170
4740386154
4740386831
4740387127
4740387559
4740387583
4740387685
4740388225
4740388348
4740388705
4740389089
4740389158
4740389421
4740389940
4740393510
4740395037
4740399209
4740680425
4740680827
4740685658
4740685683
4741000569
4741001404
4741001418
4741001441
4741003148
4741005103
4741005411
4741007805
4741008298
4741010375
4741011437
4741011744
4741011913
4741011959
4741012142
4741012912
4741012942
4741013010
4741013564
4741014067
4741014174
4741015041
4741015264
4741015889
4741016015
4741016020
4741016030
4741016045
4741016050
4741016061
4741016071
4741016099
4741016131
4741016190
4741016210
4741016225
4741016275
4741016281
4741016429
4741016500
4741016504
4741016507
4741016511
4741016515
4741016520
4741016530
4741016590
4741016707
4741016770
4741016785
4741016795
4741016800
4741016805
4741016808
4741016810
4741016870
4741016875
4741016890
4741016990
4741016999
4741017667
4741018207
4741019660
4741060774
4741061453
4741061661
4741061667
4741062075
4741062237
4741063344
4741063657
4741064159
4741064592
4741064797
4741065118
4741065157
4741065176
4741065855
4741065922
4741067048
4741067383
4741067528
4741068150
4741068243
4741068756
4741068997
4741069205
4741069901
4741070301
4741071257
4741071263
4741071297
4741072271
4741072306
4741072617
4741072703
4741072706
4741072710
4741072739
4741072751
4741073602
4741074046
4741074292
4741074363
4741074714
4741075227
4741075287
4741075623
4741076815
4741077115
4741077541
4741078625
4741079834
4741079985
4741103325
4741133495
4741170653
4741171663
4741172866
4741173268
4741174306
4741174342
4741175506
4741176808
4741176839
4741176927
4741177478
4741177584
4741178310
4741178545
4741178556
4741178563
4741178567
4741178598
4741178996
4741179604
4741179640
4741179831
4741179931
4741180221
4741180344
4741182948
4741183945
4741184019
4741184343
4741185316
4741185404
4741186155
4741186340
4741187383
4741187617
4741188316
4741188979
4741189108
4741189410
4741377384
4741395289
4741535105
4741598764
4745005087
4745005467
4745006458
4745006801
4745007975
4745008042
4745008969
4745009467
4745010513
4745010747
4745013787
4745013919
4745014318
4745015670
4745016211
4745016945
4745019041
4745020323
4745021019
4745021526
4745021820
4745022033
4745022168
4745022731
4745023686
4745024745
4745024799
4745025560
4745025642
4745025879
4745025920
4745026195
4745026545
4745026689
4745027020
4745027062
4745027868
4745028132
4745028181
4745028512
4745029189
4745029226
4745029339
4745031216
4745031433
4745031513
4745031531
4745032247
4745032261
4745032268
4745032923
4745033452
4745033701
4745034758
4745034845
4745037614
4745037892
4745038790
4745039249
4745039493
4745039867
4745039874
4745040357
4745041096
4745041652
4745041806
4745041975
4745042356
4745042534
4745042662
4745043227
4745043577
4745043913
4745044905
4745045242
4745045364
4745046117
4745047439
4745047475
4745047593
4745047929
4745048154
4745048281
4745048392
4745048537
4745049065
4745049534
4745050581
4745050926
4745051169
4745051225
4745051814
4745051947
4745052259
4745052644
4745052742
4745052990
4745053129
4745053524
4745053622
4745053858
4745054253
4745054634
4745055084
4745055375
4745055732
4745055978
4745056084
4745056199
4745056354
4745056506
4745057228
4745057475
4745058304
4745058353
4745058407
4745059041
4745059287
4745059294
4745059324
4745059816
4745059828
4745060187
4745060635
4745062216
4745062380
4745062467
4745062518
4745062655
4745062883
4745064151
4745064346
4745064584
4745065485
4745065864
4745066238
4745066868
4745067546
4745068047
4745068245
4745068372
4745069556
4745070227
4745071456
4745073857
4745075109
4745075658
4745076192
4745076527
4745076846
4745077499
4745077515
4745077618
4745078318
4745079031
4745079115
4745079697
4745080973
4745081430
4745081571
4745081634
4745082175
4745082426
4745082891
4745083182
4745083388
4745083448
4745083950
4745084132
4745084205
4745084235
4745084358
4745084546
4745084749
4745085586
4745085652
4745086253
4745087528
4745087709
4745087942
4745087946
4745087955
4745088075
4745088799
4745089815
4745090691
4745090698
4745090705
4745090869
4745091526
4745093360
4745093376
4745093594
4745094238
4745095113
4745095446
4745096816
4745097065
4745097264
4745098027
4745098651
4745099153
4745100556
4745102058
4745102103
4745102614
4745103699
4745104025
4745104682
4745104712
4745104806
4745105039
4745105195
4745105585
4745105625
4745105943
4745107672
4745107810
4745107853
4745108445
4745108553
4745108814
4745109253
4745109614
4745110258
4745110806
4745111550
4745112773
4745113153
4745113484
4745113645
4745114073
4745115236
4745115318
4745115379
4745115581
4745115960
4745116840
4745116869
4745117465
4745118120
4745118707
4745118773
4745118774
4745119020
4745119226
4745119561
4745119771
4745120045
4745120520
4745120965
4745121208
4745121327
4745121589
4745121736
4745122009
4745122186
4745122357
4745122522
4745122729
4745123024
4745123856
4745124156
4745124453
4745126629
4745127220
4745127865
4745128056
4745128092
4745128213
4745128297
4745128641
4745129288
4745129364
4745129402
4745129424
4745129425
4745129919
4745130591
4745130939
4745130979
4745131453
4745131474
4745131627
4745132331
4745132713
4745132764
4745132803
4745133036
4745133159
4745133474
4745133563
4745135232
4745135760
4745136243
4745136353
4745136372
4745137525
4745138451
4745138565
4745138591
4745139919
4745140510
4745141025
4745141315
4745141968
4745142254
4745142497
4745142582
4745143106
4745143131
4745143935
4745144559
4745145139
4745145395
4745145469
4745145582
4745145847
4745146226
4745146514
4745146737
4745146914
4745147690
4745147697
4745147845
4745147907
4745149162
4745149803
4745151368
4745151597
4745152754
4745153033
4745153485
4745153635
4745154343
4745154791
4745155134
4745155274
4745155345
4745155449
4745155928
4745156002
4745156501
4745156993
4745157341
4745157783
4745157874
4745157945
4745158701
4745158736
4745160245
4745160930
4745161819
4745161878
4745163126
4745163216
4745163305
4745163843
4745163930
4745164149
4745164653
4745164713
4745164951
4745165437
4745165468
4745165599
4745165729
4745165784
4745167103
4745167554
4745168170
4745168847
4745169948
4745170247
4745170883
4745171150
4745171152
4745171153
4745171154
4745171156
4745171157
4745171216
4745171250
4745171255
4745171277
4745171285
4745171298
4745171299
4745171764
4745171871
4745171875
4745172353
4745172426
4745173247
4745173312
4745173575
4745174030
4745174357
4745175519
4745175775
4745176556
4745176695
4745176790
4745177292
4745177611
4745177929
4745178050
4745178158
4745179668
4745180648
4745180736
4745181048
4745182026
4745182329
4745182699
4745183055
4745183177
4745183359
4745183686
4745183699
4745183969
4745184363
4745184464
4745184473
4745184596
4745185494
4745185498
4745185731
4745185961
4745185968
4745186148
4745186179
4745187082
4745187487
4745187539
4745187899
4745188134
4745188706
4745188973
4745190460
4745191205
4745191236
4745191412
4745192077
4745192260
4745192692
4745192772
4745192835
4745193277
4745193662
4745194001
4745194109
4745194528
4745194730
4745194779
4745194867
4745195338
4745196343
4745196928
4745197018
4745197346
4745197365
4745197872
4745199058
4745199671
4745556145
4745660444
4745660557
4745661172
4745661175
4745661503
4745663113
4745663536
4745666614
4745670596
4745670983
4745671667
4745672833
4745672907
4745673843
4745673846
4745674003
4745674367
4745674534
4745674538
4745674806
4745674952
4745675847
4745675902
4745676041
4745676929
4745676984
4745677323
4745677355
4745678584
4745678668
4745679280
4745679444
4745680328
4745680433
4745680592
4745680658
4745680660
4745681146
4745681462
4745684524
4745684668
4745684718
4745684992
4745685076
4745685900
4745686932
4745687259
4745687465
4745688748
4745689303
4745689710
4745689790
4745690394
4745690696
4745691664
4745692377
4745692554
4745692624
4745692720
4745693367
4745693458
4745694339
4745694535
4745694546
4745695311
4745695342
4745695572
4745695743
4745696509
4745696648
4745696924
4745696993
4745698275
4745699422
4745699710
4745699806
4745760022
4745760054
4745760303
4745760307
4745760332
4745760760
4745761060
4745761107
4745761437
4745761507
4745761674
4745762289
4745762945
4745763065
4745763125
4745763384
4745763488
4745763993
4745764042
4745764245
4745764299
4745764617
4745765225
4745765298
4745765322
4745766521
4745766588
4745766990
4745767808
4745768407
4745768565
4745770104
4745770361
4745770514
4745770845
4745771033
4745772008
4745772366
4745772991
4745773238
4745773672
4745773848
4745773972
4745774193
4745774943
4745776063
4745778142
4745778324
4745778335
4745778754
4745778775
4745778829
4745780314
4745780585
4745781195
4745781307
4745781357
4745782791
4745783429
4745783729
4745783759
4745784406
4745784664
4745784716
4745784935
4745785273
4745786595
4745787456
4745787458
4745787768
4745788120
4745788170
4745788364
4745788391
4745788476
4745789032
4745789507
4745789651
4745789873
4745790306
4745790861
4745791235
4745791559
4745791577
4745792024
4745792103
4745792723
4745793474
4745794135
4745794535
4745795786
4745795922
4745796369
4745796394
4745796632
4745797236
4745798089
4745798307
4745798575
4745798899
4745799006
4745799453
4745799645
4745866484
4746363612
4747140298
4747140511
4747140626
4747141374
4747141641
4747141682
4747142068
4747142253
4747142416
4747142826
4747143193
4747143518
4747143621
4747144259
4747144317
4747144640
4747145246
4747145525
4747146057
4747146099
4747146345
4747146616
4747146681
4747146905
4747147274
4747147632
4747148137
4747149723
4747150059
4747151510
4747152526
4747152877
4747153551
4747153864
4747154286
4747154525
4747154982
4747156750
4747157293
4747158469
4747159118
4747159344
4747160176
4747160547
4747160693
4747160822
4747161451
4747161515
4747162088
4747162422
4747162623
4747163730
4747164807
4747164834
4747164919
4747165690
4747165967
4747167378
4747167916
4747168586
4747168693
4747169587
4747169791
4747169869
4747170653
4747170727
4747170895
4747171152
4747171815
4747172014
4747172375
4747172803
4747172990
4747172997
4747174610
4747174758
4747174988
4747174992
4747176078
4747176536
4747176806
4747177231
4747177522
4747177942
4747178399
4747178689
4747368738
4747419387
4747440165
4747440410
4747440760
4747440836
4747441374
4747441612
4747441686
4747442047
4747442351
4747442531
4747442981
4747443174
4747443767
4747444184
4747444746
4747445065
4747445715
4747445812
4747445823
4747446528
4747447238
4747448611
4747841402
4748268962
4748330164
4748331152
4748331812
4748332029
4748332169
4748332998
4748334355
4748334875
4748335534
4748335861
4748336159
4748337033
4748337496
4748337741
4748338009
4748338013
4748338517
4748339467
4748339636
4748339748
4748340024
4748340027
4748340798
4748341465
4748341814
4748341977
4748342457
4748343063
4748343477
4748343478
4748345495
4748345737
4748345956
4748346092
4748346366
4748346532
4748347748
4748348797
4748349532
4748349874
4748444500
4792813168
4794100598
4794101037
4794101364
4794102297
4794102770
4794103084
4794103653
4794104232
4794104685
4794105052
4794105317
4794105566
4794105613
4794105995
4794106146
4794106409
4794106517
4794107645
4794107648
4794107754
4794108340
4794108437
4794108586
4794108721
4794108843
4794109165
4794109506
4794109512
4794109697
4794110373
4794112095
4794113158
4794113427
4794113453
4794114137
4794114207
4794114399
4794114633
4794115092
4794115810
4794116205
4794116305
4794116528
4794116532
4794116673
4794117626
4794117866
4794118268
4794118698
4794119172
4794119242
4794119309
4794119334
4794119897
4794120360
4794120412
4794120680
4794120904
4794121050
4794122448
4794122547
4794122992
4794123425
4794123645
4794123771
4794124974
4794125020
4794125087
4794125090
4794125154
4794125229
4794126215
4794126597
4794126832
4794126848
4794127214
4794127492
4794128252
4794128375
4794128461
4794128721
4794200818
4794201240
4794201476
4794202065
4794202414
4794202545
4794202896
4794203325
4794203419
4794203550
4794205015
4794205150
4794206400
4794206565
4794207802
4794207844
4794208105
4794208109
4794208110
4794208113
4794208115
4794208118
4794208120
4794208150
4794208155
4794208160
4794208165
4794208167
4794208183
4794209012
4794209052
4794209373
4794209396
4794210076
4794210611
4794210808
4794212113
4794213194
4794213298
4794213427
4794213611
4794213945
4794214015
4794215440
4794215860
4794216462
4794217117
4794217588
4794217992
4794218287
4794218412
4794218631
4794219747
4794220092
4794220144
4794220198
4794220310
4794220429
4794221034
4794221548
4794221646
4794221724
4794221938
4794221956
4794223644
4794223725
4794223881
4794223995
4794224135
4794224781
4794224796
4794225289
4794225826
4794226047
4794226355
4794226869
4794227752
4794227917
4794227975
4794228094
4794228653
4794229175
4794229215
4794229616
4794230873
4794230996
4794231404
4794231703
4794231987
4794232363
4794232619
4794233647
4794233821
4794234272
4794234546
4794234707
4794235399
4794236153
4794238371
4794238374
4794239471
4794239954
4794240024
4794240127
4794240232
4794240376
4794240608
4794241094
4794241439
4794242296
4794242567
4794242808
4794243091
4794243648
4794243725
4794243949
4794244049
4794244183
4794244397
4794244826
4794245529
4794245793
4794245947
4794245959
4794246067
4794246131
4794246260
4794246410
4794247074
4794247239
4794247324
4794247596
4794248232
4794248261
4794248522
4794248939
4794249603
4794249731
4794250579
4794250866
4794250947
4794251260
4794251289
4794253418
4794254059
4794254145
4794254494
4794254905
4794254933
4794255146
4794255641
4794256001
4794256079
4794256556
4794256559
4794256676
4794256864
4794257334
4794257355
4794257593
4794257922
4794258130
4794259548
4794259898
4794260237
4794260518
4794260904
4794261496
4794261974
4794262456
4794262762
4794262912
4794262928
4794263390
4794263502
4794263853
4794263972
4794264172
4794265225
4794265495
4794266119
4794266642
4794266808
4794267676
4794268497
4794268744
4794268910
4794269014
4794269061
4794269939
4794276720
4794276867
4794277861
4794277909
4794278142
4794278145
4794281096
4794281223
4794281314
4794282862
4794284317
4794284838
4794285103
4794285355
4794285471
4794285782
4794286283
4794286674
4794287549
4794287615
4794288020
4794288534
4794289398
4794289515
4794289870
4794290211
4794290541
4794291088
4794291119
4794291460
4794291699
4794291972
4794292286
4794292358
4794292685
4794293037
4794293286
4794293412
4794294154
4794294394
4794294566
4794294866
4794295459
4794296115
4794296341
4794296394
4794296510
4794296826
4794296854
4794297350
4794298144
4794299364
4794299370
4794299570
4794299607
4794421035
4794422639
4794422654
4794422973
4794423214
4794423341
4794423795
4794423905
4794423966
4794424301
4794424994
4794425315
4794425456
4794425517
4794426568
4794426780
4794426868
4794426936
4794427282
4794427649
4794428023
4794428157
4794428255
4794429674
4794429810
4794430151
4794430304
4794430683
4794430903
4794432295
4794432564
4794433108
4794433191
4794433546
4794433582
4794433918
4794433997
4794434153
4794434248
4794434938
4794434997
4794435391
4794438628
4794438929
4794439149
4794470828
4794471068
4794471162
4794471203
4794471562
4794472212
4794472467
4794472478
4794472630
4794472884
4794472924
4794473178
4794473640
4794474647
4794474667
4794475204
4794475271
4794475310
4794475341
4794475527
4794475699
4794476066
4794476361
4794476584
4794476842
4794477104
4794477434
4794477713
4794478631
4794478730
4794479127
4794479250
4794479290
4794480073
4794480266
4794481230
4794481738
4794481756
4794481945
4794482779
4794482980
4794483133
4794483156
4794483245
4794483354
4794483514
4794483556
4794484404
4794485121
4794485654
4794485817
4794485898
4794487084
4794489122
4794489722
4794492866
4794493512
4794493726
4794493813
4794494739
4794495429
4794495432
4794495468
4794495498
4794495515
4794496140
4794496357
4794496804
4794497649
4794497650
4794497670
4794498761
4794499029
4795402598
4795417274
4795555957
4796686433
4797189325
4797409244
4797971178
4798023888
4798601051
4798827275
4798997476
4799494541